te_input_crs,te_input_vrs,te_input_nirs,te_output_crs,te_output_vrs,te_output_nirs,te_directional_crs,te_directional_vrs,te_directional_nirs,te_input_region_crs,te_input_region_vrs,te_input_region_nirs,te_output_region_crs,te_output_region_vrs,te_output_region_nirs,te_directional_region_crs,te_directional_region_vrs,te_directional_region_nirs,te_input_grd_crs,te_input_grd_vrs,te_input_grd_nirs,te_output_grd_crs,te_output_grd_vrs,te_output_grd_nirs,te_directional_grd_crs,te_directional_grd_vrs,te_directional_grd_nirs
0,0.305,0.307,0.884,0.781,0.781,0.768,0.86,0.861,0.581,0.579,0.573,0.781,0.592,0.612,0.81,0.889,0.887,0,0.327,0.329,0.88,0.765,0.765,0.768,0.86,0.861
0.305,0,0.002,0.723,0.728,0.728,0.56,0.863,0.863,0.452,0.46,0.453,0.598,0.461,0.488,0.782,0.91,0.907,0.305,0.009,0.011,0.714,0.714,0.714,0.56,0.867,0.867
0.307,0.002,0,0.769,0.785,0.785,0.601,0.916,0.917,0.488,0.498,0.489,0.605,0.502,0.529,0.799,0.924,0.924,0.307,0.011,0.009,0.758,0.77,0.77,0.601,0.92,0.92
0.884,0.723,0.769,0,0.155,0.155,0.086,0.126,0.125,0.158,0.137,0.154,0.815,0.139,0.136,0.564,0.642,0.591,0.882,0.713,0.756,0.006,0.15,0.15,0.087,0.138,0.137
0.781,0.728,0.785,0.155,0,0,0.155,0.098,0.091,0.21,0.19,0.204,0.794,0.149,0.158,0.489,0.547,0.51,0.779,0.729,0.783,0.167,0.013,0.013,0.156,0.101,0.094
0.781,0.728,0.785,0.155,0,0,0.155,0.098,0.091,0.21,0.19,0.204,0.794,0.149,0.158,0.489,0.547,0.51,0.779,0.729,0.783,0.167,0.013,0.013,0.156,0.101,0.094
0.768,0.56,0.601,0.086,0.155,0.155,0,0.107,0.109,0.052,0.035,0.043,0.715,0.035,0.049,0.516,0.622,0.583,0.767,0.549,0.588,0.073,0.122,0.122,0,0.115,0.117
0.86,0.863,0.916,0.126,0.098,0.098,0.107,0,0,0.167,0.145,0.161,0.833,0.152,0.151,0.501,0.56,0.514,0.859,0.865,0.915,0.118,0.066,0.066,0.107,0.002,0.002
0.861,0.863,0.917,0.125,0.091,0.091,0.109,0,0,0.17,0.148,0.163,0.833,0.153,0.151,0.504,0.563,0.517,0.86,0.865,0.916,0.117,0.061,0.061,0.109,0.002,0.002
0.581,0.452,0.488,0.158,0.21,0.21,0.052,0.167,0.17,0,0.017,0.012,0.827,0.066,0.099,0.601,0.619,0.604,0.58,0.445,0.479,0.143,0.168,0.168,0.052,0.177,0.18
0.579,0.46,0.498,0.137,0.19,0.19,0.035,0.145,0.148,0.017,0,0.005,0.809,0.049,0.064,0.555,0.638,0.602,0.577,0.454,0.489,0.123,0.151,0.151,0.035,0.154,0.156
0.573,0.453,0.489,0.154,0.204,0.204,0.043,0.161,0.163,0.012,0.005,0,0.813,0.058,0.093,0.569,0.635,0.62,0.572,0.445,0.479,0.137,0.162,0.162,0.043,0.171,0.173
0.781,0.598,0.605,0.815,0.794,0.794,0.715,0.833,0.833,0.827,0.809,0.813,0,0.669,0.675,0.541,0.881,0.868,0.781,0.61,0.616,0.813,0.787,0.787,0.715,0.834,0.834
0.592,0.461,0.502,0.139,0.149,0.149,0.035,0.152,0.153,0.066,0.049,0.058,0.669,0,0.021,0.495,0.607,0.571,0.591,0.457,0.496,0.13,0.125,0.125,0.035,0.159,0.159
0.612,0.488,0.529,0.136,0.158,0.158,0.049,0.151,0.151,0.099,0.064,0.093,0.675,0.021,0,0.484,0.628,0.551,0.61,0.485,0.523,0.131,0.139,0.139,0.049,0.155,0.156
0.81,0.782,0.799,0.564,0.489,0.489,0.516,0.501,0.504,0.601,0.555,0.569,0.541,0.495,0.484,0,0.119,0.099,0.81,0.788,0.805,0.562,0.472,0.472,0.516,0.497,0.5
0.889,0.91,0.924,0.642,0.547,0.547,0.622,0.56,0.563,0.619,0.638,0.635,0.881,0.607,0.628,0.119,0,0.023,0.888,0.913,0.927,0.64,0.529,0.529,0.622,0.559,0.562
0.887,0.907,0.924,0.591,0.51,0.51,0.583,0.514,0.517,0.604,0.602,0.62,0.868,0.571,0.551,0.099,0.023,0,0.887,0.911,0.927,0.592,0.497,0.497,0.583,0.51,0.514
0,0.305,0.307,0.882,0.779,0.779,0.767,0.859,0.86,0.58,0.577,0.572,0.781,0.591,0.61,0.81,0.888,0.887,0,0.327,0.329,0.879,0.763,0.763,0.767,0.859,0.86
0.327,0.009,0.011,0.713,0.729,0.729,0.549,0.865,0.865,0.445,0.454,0.445,0.61,0.457,0.485,0.788,0.913,0.911,0.327,0,0.002,0.703,0.715,0.715,0.549,0.87,0.87
0.329,0.011,0.009,0.756,0.783,0.783,0.588,0.915,0.916,0.479,0.489,0.479,0.616,0.496,0.523,0.805,0.927,0.927,0.329,0.002,0,0.745,0.768,0.768,0.588,0.921,0.921
0.88,0.714,0.758,0.006,0.167,0.167,0.073,0.118,0.117,0.143,0.123,0.137,0.813,0.13,0.131,0.562,0.64,0.592,0.879,0.703,0.745,0,0.147,0.147,0.074,0.128,0.128
0.765,0.714,0.77,0.15,0.013,0.013,0.122,0.066,0.061,0.168,0.151,0.162,0.787,0.125,0.139,0.472,0.529,0.497,0.763,0.715,0.768,0.147,0,0,0.122,0.067,0.062
0.765,0.714,0.77,0.15,0.013,0.013,0.122,0.066,0.061,0.168,0.151,0.162,0.787,0.125,0.139,0.472,0.529,0.497,0.763,0.715,0.768,0.147,0,0,0.122,0.067,0.062
0.768,0.56,0.601,0.087,0.156,0.156,0,0.107,0.109,0.052,0.035,0.043,0.715,0.035,0.049,0.516,0.622,0.583,0.767,0.549,0.588,0.074,0.122,0.122,0,0.115,0.117
0.86,0.867,0.92,0.138,0.101,0.101,0.115,0.002,0.002,0.177,0.154,0.171,0.834,0.159,0.155,0.497,0.559,0.51,0.859,0.87,0.921,0.128,0.067,0.067,0.115,0,0
0.861,0.867,0.92,0.137,0.094,0.094,0.117,0.002,0.002,0.18,0.156,0.173,0.834,0.159,0.156,0.5,0.562,0.514,0.86,0.87,0.921,0.128,0.062,0.062,0.117,0,0
